728112448179271685
43632429162624423619610
412361083249724
832128512204881925
5154513540512154
6185416248614584
832128512204881925
7351758754375218756
65448643743936635429410
53018010806480388807
21050250125062506
71428561122243
36122448963
9634413087216091512638
21612810248192655369
31575375187593756
3181086483888233287
832128512204881925
936144576230492165
6301507503750187506
481632641283
32114710297203504218
62496384153661445
6301507503750187506
9634413087216091512638
6301507503750187506
8247221664819444
3124819276830725
84020010005000250006
36122448963
7216318956717014
76356751034592741334310
32724321871968317714710
36122448963
954324194411664699847
214986864802336148
9278124372921874
6122448961923
87264858325248847239210
8247221664819444
832128512204881925
6422942058144061008428
81632641282563
324192153612288983049
324192153612288983049
4201005002500125006
8563922744192081344568
2618541624864
4322562048163841310729
283212851220485
9634413087216091512638
954324194411664699847
4322562048163841310729
32114710297203504218
936144576230492165
71428561122243
5403202560204801638409
54540536453280529524510
212724322592155527
94522511255625281256
214986864802336148
76356751034592741334310
21050250125062506
74225215129072544327
2618541624864
954324194411664699847
7216318956717014
5403202560204801638409
91836721442883
87264858325248847239210
62496384153661445
2618541624864
71428561122243
71428561122243
7351758754375218756
4241448645184311047
283212851220485
42819613729604672288
9725764608368642949129
9278124372921874
32724321871968317714710
71428561122243
7351758754375218756
6422942058144061008428
5154513540512154
7351758754375218756
283212851220485
481632641283
212724322592155527
32114710297203504218
53018010806480388807
9725764608368642949129
4241448645184311047
31575375187593756
84020010005000250006
21050250125062506
7564483584286722293769
7351758754375218756
3124819276830725
91836721442883
8563922744192081344568
62496384153661445
94522511255625281256
84020010005000250006
283212851220485
324192153612288983049
324192153612288983049
4241448645184311047
43632429162624423619610
5403202560204801638409
324192153612288983049
71428561122243
6422942058144061008428
848288172810368622087
481632641283
42819613729604672288
91836721442883
9634413087216091512638
214986864802336148
42819613729604672288
54540536453280529524510
76356751034592741334310
42819613729604672288
21816214581312211809810
53018010806480388807
848288172810368622087
42819613729604672288
21050250125062506
43632429162624423619610
84020010005000250006
76356751034592741334310
214986864802336148
8563922744192081344568
53018010806480388807
54540536453280529524510
481632641283
71428561122243
728112448179271685
81632641282563
481632641283
6422942058144061008428
36122448963
81632641282563
32114710297203504218
535245171512005840358
535245171512005840358
6185416248614584
481632641283
936144576230492165
87264858325248847239210
5154513540512154
43632429162624423619610
6185416248614584
283212851220485
2618541624864
74225215129072544327
212724322592155527
848288172810368622087
32724321871968317714710
6185416248614584
81632641282563
84020010005000250006
9634413087216091512638
5154513540512154
87264858325248847239210
212724322592155527
53018010806480388807
65448643743936635429410
91836721442883
21612810248192655369
21050250125062506
8563922744192081344568
54540536453280529524510
2618541624864
87264858325248847239210
76356751034592741334310
6483843072245761966089
71428561122243
6122448961923
43632429162624423619610
62496384153661445
324192153612288983049
8247221664819444
848288172810368622087
43632429162624423619610
6122448961923
535245171512005840358
5403202560204801638409
936144576230492165
283212851220485
54540536453280529524510
87264858325248847239210
728112448179271685
9725764608368642949129
481632641283
3124819276830725
7216318956717014
87264858325248847239210
8247221664819444
62496384153661445
6483843072245761966089
9634413087216091512638
7216318956717014
535245171512005840358
42819613729604672288
9278124372921874
9634413087216091512638
5154513540512154
5154513540512154
5102040801603
9278124372921874
7351758754375218756
7351758754375218756
36122448963
65448643743936635429410
21050250125062506
91836721442883
4241448645184311047
54540536453280529524510
481632641283
9278124372921874
42819613729604672288
728112448179271685
76356751034592741334310
7351758754375218756
6122448961923
5154513540512154
4322562048163841310729
65448643743936635429410
9725764608368642949129
7564483584286722293769
91836721442883
6185416248614584
76356751034592741334310
412361083249724
3124819276830725
53018010806480388807
324192153612288983049
5154513540512154
81632641282563
43632429162624423619610
5102040801603
6422942058144061008428
32114710297203504218
324192153612288983049
62496384153661445
481632641283
3124819276830725
84020010005000250006
412361083249724
31575375187593756
32114710297203504218
42819613729604672288
6122448961923
6422942058144061008428
81632641282563
84020010005000250006
9278124372921874
324192153612288983049
848288172810368622087
65448643743936635429410
936144576230492165
283212851220485
71428561122243
6483843072245761966089
4241448645184311047
9725764608368642949129
71428561122243
4241448645184311047
21050250125062506
214986864802336148
9725764608368642949129
84020010005000250006
62496384153661445
6122448961923
936144576230492165
21050250125062506
9634413087216091512638
21050250125062506
481632641283
535245171512005840358
52080320128051205
21612810248192655369
481632641283
6483843072245761966089
8247221664819444
6122448961923
76356751034592741334310
412361083249724
214986864802336148
481632641283
32114710297203504218
6185416248614584
52080320128051205
412361083249724
5403202560204801638409
8247221664819444
54540536453280529524510
212724322592155527
76356751034592741334310
87264858325248847239210
5403202560204801638409
481632641283
3124819276830725
65448643743936635429410
7351758754375218756
87264858325248847239210
6301507503750187506
87264858325248847239210
324192153612288983049
43632429162624423619610
6483843072245761966089
4201005002500125006
43632429162624423619610
936144576230492165
3181086483888233287
2618541624864
4201005002500125006
7351758754375218756
535245171512005840358
6301507503750187506
3124819276830725
74225215129072544327
87264858325248847239210
9725764608368642949129
71428561122243
8247221664819444
5102040801603
76356751034592741334310
8563922744192081344568
42819613729604672288
42819613729604672288
4322562048163841310729
36122448963
9725764608368642949129
3124819276830725
62496384153661445
74225215129072544327
954324194411664699847
7216318956717014
94522511255625281256
954324194411664699847
7351758754375218756
6301507503750187506
7564483584286722293769
9634413087216091512638
4201005002500125006
53018010806480388807
9634413087216091512638
283212851220485
8247221664819444
8247221664819444
2618541624864
283212851220485
74225215129072544327
8247221664819444
84020010005000250006
7564483584286722293769
412361083249724
43632429162624423619610
21612810248192655369
31575375187593756
91836721442883
8563922744192081344568
71428561122243
7564483584286722293769
6301507503750187506
481632641283
6185416248614584
412361083249724
5102040801603
936144576230492165
54540536453280529524510
848288172810368622087
7351758754375218756
3181086483888233287
84020010005000250006
5102040801603
4322562048163841310729
36122448963
32114710297203504218
53018010806480388807
21612810248192655369
4322562048163841310729
74225215129072544327
76356751034592741334310
412361083249724
6301507503750187506
81632641282563
65448643743936635429410
36122448963
91836721442883
535245171512005840358
94522511255625281256
32724321871968317714710
94522511255625281256
42819613729604672288
481632641283
6122448961923
4241448645184311047
214986864802336148
94522511255625281256
71428561122243
7351758754375218756
2618541624864
21050250125062506
4241448645184311047
5154513540512154
6301507503750187506
76356751034592741334310
214986864802336148
54540536453280529524510
7564483584286722293769
535245171512005840358
3181086483888233287
43632429162624423619610
5154513540512154
36122448963
728112448179271685
8247221664819444
71428561122243
6301507503750187506
3124819276830725
283212851220485
535245171512005840358
412361083249724
94522511255625281256
6301507503750187506
4322562048163841310729
81632641282563
6301507503750187506
535245171512005840358
31575375187593756
62496384153661445
9634413087216091512638
7351758754375218756
412361083249724
84020010005000250006
8563922744192081344568
84020010005000250006
9278124372921874
832128512204881925
6301507503750187506
535245171512005840358
74225215129072544327
4322562048163841310729
81632641282563
2618541624864
8563922744192081344568
71428561122243
87264858325248847239210
87264858325248847239210
5403202560204801638409
2618541624864
214986864802336148
31575375187593756
728112448179271685
36122448963
4201005002500125006
32724321871968317714710
5403202560204801638409
5154513540512154
2618541624864
412361083249724
6301507503750187506
21612810248192655369
6301507503750187506
32724321871968317714710
8247221664819444
87264858325248847239210
21050250125062506
6301507503750187506
5403202560204801638409
6122448961923
65448643743936635429410
94522511255625281256
21816214581312211809810
283212851220485
36122448963
76356751034592741334310
32724321871968317714710
52080320128051205
7216318956717014
7564483584286722293769
4322562048163841310729
2618541624864
954324194411664699847
5154513540512154
52080320128051205
36122448963
94522511255625281256
6122448961923
3181086483888233287
4322562048163841310729
412361083249724
21050250125062506
8247221664819444
7351758754375218756
6301507503750187506
87264858325248847239210