71339
40663
98211
9989
9613
1160
39605
13411
40237
31843
22953
20677
52106
5437
60994
42173
15915
36519
28743
61432
25444
51339
48705
36278
55261
67186
36698
68261
45130
36763
44849
58935
36145
92390
57232
25138
56209
82136
49582
12271
46263
42042
86828
53110
64
15555
87713
17722
16255
33247
80503
97171
47284
65877
83978
62839
79771
78748
7496
62126
46995
36311
76339
80202
37621
18955
3552
2884
94726
36050
36248
99103
91385
47904
38568
24719
19756
87125
71079
1056
31758
28724
30575
34004
36488
13967
80375
26292
35123
58434
39025
43219
58654
1538
52769
91410
85103
70770
37315
94139
7705
70373
93646
36380
22794
38495
68280
82108
78002
28749
83872
80002
80579
21390
61430
55113
47630
93206
63742
67312
36011
49060
88071
58087
35471
95005
50012
63481
87517
79090
62858
77910
48522
87265
84340
53157
73335
15753
67143
25230
10673
19777
37981
89594
17335
39513
98831
91120
15937
94475
27206
31601
26499
57484
66217
69160
19628
79508
92932
44102
71317
28538
5581
36526
99919
42520
83922
92083
39017
97948
96149
3131
63210
14217
32959
13272
27647
34806
3136
1378
42176
55382
20620
31224
30568
5201
38681
68007
80107
87530
884
58969
72508
44718
73382
23694
56816
49634
28830
79706
31133
87740
62497
93331
73066
95495
68701
3211
47674
44796
14766
2604
55322
36114
14046
98119
96743
36581
20719
30416
92612
64414
90798
61798
9914
75820
10676
7755
45688
77348
62126
25760
74903
92548
77785
67708
48664
91633
11512
16568
17059
28805
4903
70148
12669
67892
16661
53962
71755
82604
68474
33612
14707
58244
84606
40505
47004
11608
86746
25015
62875
14671
12970
87575
70369
49384
59084
17285
2634
41935
40832
97109
59628
59331
23954
73427
74432
31163
16314
90170
62399
79413
26682
84076
9292
8981
6243
72768
76385
27347
33346
77119
56915
59498
72997
46543
19298
5332
90746
53782
56383
37905
79939
53148
15231
21565
39907
87180
64990
55945
52194
80047
51893
70584
7063
89209
7258
99091
77001
18962
26603
84093
98213
59473
66905
99825
94008
87261
78644
25342
1540
83260
22074
20786
27214
51712
22008
77306
70208
24373
66418
59482
76575
45361
11132
8611
33068
85022
36326
99682
41762
12594
66092
46979
51229
43721
57847
76943
66534
53636
98467
14119
63863
46849
10463
46126
23030
80123
46779
645
47722
40010
68065
90258
24078
25231
80076
95143
67183
73573
65568
1063
78400
46955
9299
94708
62681
57475
81381
29125
49128
73529
9463
9286
53659
17731
40756
16654
55642
1112
62807
59626
67616
18440
93133
49600
39472
51620
73204
63896
71617
59447
28904
83953
49978
81398
20364
84538
81541
83085
15290
89807
49241
85114
19194
95827
44049
91306
91751
62692
35752
85096
2705
90098
78865
21244
73289
31409
27626
14923
54580
69014
92261
67090
36879
61240
2463
78949
38978
52742
10252
81976
80081
81140
35427
31161
14968
92191
62825
64291
48766
10216
73855
13593
19394
56530
29247
93847
88645
6972
99905
83968
95494
6760
98061
74939
24829
38856
87266
36097
78302
60585
14128
15243
97331
77707
97854
89885
61750
49867
10101
21637
77519
33306
58688
27301
18552
58376
85471
37137