22815
38695
42691
72651
68973
95685
80545
63159
66007
92591
14017
38957
34767
9671
7053
91167
71637
94095
81065
21115
61265
20965
84801
66237
49643
12057
75849
18685
3455
85349
8321
16839
29777
51847
42631
77397
43533
54235
78975
21043
46465
47787
61621
59829
50985
56363
88845
45325
98001
58665
99933
36331
61325
53797
79297
27757
82991
41099
65325
29623
25047
1685
20655
13169
57141
52965
64415
84489
21883
17211
45279
49325
29417
40331
16839
70737
67417
29445
57555
55653
39567
44177
8071
58445
50921
54715
43031
76385
36803
25025
48133
21783
33297
82709
15917
47103
80155
99423
31527
11367
81025
85791
76985
78777
75065
21119
89991
895
85149
56977
47367
18349
84667
53847
17085
55557
9617
48511
66353
15125
9303
61951
26851
31837
78687
92017
1719
62999
53977
18175
68029
63169
30377
24791
10941
70977
1465
70885
98839
18533
46467
43371
2899
45159
46449
46065
98969
93987
1529
51219
63759
8791
66015
97677
94473
17055
4233
27269
99187
9075
59313
40053
68645
75507
94353
94929
40101
56133
28615
64159
22799
187
20253
75669
51641
19397
22089
62943
14525
639
47709
15571
59299
95357
99085
63661
3445
17217
45799
42527
29087
24073
75039
73641
91793
63583
61081
41083
90209
67097
27435
20775
32903
78585
5667
49149
82175
75529
15885
50277
22597
41907
53229
38077
20801
84219
57345
88405
30039
12813
29361
82363
44033
8571
56173
60163
47153
91069
87147
33351
4369
93309
94347
67197
15133
30919
59813
72377
76605
8355
96665
20529
98751
45101
19871
42203
21869
815
44385
86329
73305
73401
40711
68043
13659
49447
92225
47169
41769
17703
24511
35517
37213
72745
11949
85273
76413
27225
60417
81175
29181
17833
5685
97105
56757
9657
50517
30663
55239
47437
73817
30193
93821
86327
98433
62573
28925
71765
165
66039
58623
59247
23763
79329
44821
56521
72129
14795
59885
45029
87497
25935
20901
65665
52763
63817
77439
93207
6731
84593
55623
25899
36069
8169
40297
77121
59749
75297
7827
42087
64777
97929
81951
22749
30771
74583
99353
93751
73275
85343
92735
31027
80999
52355
62575
39001
87635
52703
67109
69543
51937
1561
38633
13273
20713
13021
98335
71205
86469
72789
35503
98015
52373
72059
30125
91123
41287
69021
86659
16367
43327
2619
44431
81045
74155
99825
75581
12549
52891
21475
95207
64395
92589
97619
97035
79377
39585
37445
51107
24641
64221
98581
63713
52467
53835
96875
23765
8173
78429
64027
59821
83515
85007
63711
85603
43033
83769
22883
75231
67127
32095
50541
39899
42507
64121
13683
24579
51215
34697
19313
81621
62587
87935
85559
37881
91759
19227
73665
21333
94135
39645
76741
39009
1147
52157
32919
41949
30693
29495
41499
9095
14365
14309
84599
9295
89781
10317
63213
88929
14355
76291
86511
27001
19789
50639
23035
29489
57197
93129
89803
16999
9009
49585
24563
77505
20073
1739
11885
20529
77265
42425
44677
89157
14079
68333
82991
19785
27977
51153
30357
86301
83735
95965
85055
52483
89415
17717
86419
78219
62123
85263
26825
30535
89575
81537
48881
4121
8177
52451
85641
98283
4917
72349
87633
72401
71241
86337
83565
59189
73449