728112448179271684
4363242916262442361969
412361083249723
832128512204881924
5154513540512153
6185416248614583
832128512204881924
7351758754375218755
6544864374393663542949
53018010806480388806
21050250125062505
71428561122242
36122448962
9634413087216091512637
21612810248192655368
31575375187593755
3181086483888233286
832128512204881924
936144576230492164
6301507503750187505
481632641282
32114710297203504217
62496384153661444
6301507503750187505
9634413087216091512637
6301507503750187505
8247221664819443
3124819276830724
84020010005000250005
36122448962
7216318956717013
7635675103459274133439
3272432187196831771479
36122448962
954324194411664699846
214986864802336147
9278124372921873
6122448961922
8726485832524884723929
8247221664819443
832128512204881924
6422942058144061008427
81632641282562
324192153612288983048
324192153612288983048
4201005002500125005
8563922744192081344567
2618541624863
4322562048163841310728
283212851220484
9634413087216091512637
954324194411664699846
4322562048163841310728
32114710297203504217
936144576230492164
71428561122242
5403202560204801638408
5454053645328052952459
212724322592155526
94522511255625281255
214986864802336147
7635675103459274133439
21050250125062505
74225215129072544326
2618541624863
954324194411664699846
7216318956717013
5403202560204801638408
91836721442882
8726485832524884723929
62496384153661444
2618541624863
71428561122242
71428561122242
7351758754375218755
4241448645184311046
283212851220484
42819613729604672287
9725764608368642949128
9278124372921873
3272432187196831771479
71428561122242
7351758754375218755
6422942058144061008427
5154513540512153
7351758754375218755
283212851220484
481632641282
212724322592155526
32114710297203504217
53018010806480388806
9725764608368642949128
4241448645184311046
31575375187593755
84020010005000250005
21050250125062505
7564483584286722293768
7351758754375218755
3124819276830724
91836721442882
8563922744192081344567
62496384153661444
94522511255625281255
84020010005000250005
283212851220484
324192153612288983048
324192153612288983048
4241448645184311046
4363242916262442361969
5403202560204801638408
324192153612288983048
71428561122242
6422942058144061008427
848288172810368622086
481632641282
42819613729604672287
91836721442882
9634413087216091512637
214986864802336147
42819613729604672287
5454053645328052952459
7635675103459274133439
42819613729604672287
2181621458131221180989
53018010806480388806
848288172810368622086
42819613729604672287
21050250125062505
4363242916262442361969
84020010005000250005
7635675103459274133439
214986864802336147
8563922744192081344567
53018010806480388806
5454053645328052952459
481632641282
71428561122242
728112448179271684
81632641282562
481632641282
6422942058144061008427
36122448962
81632641282562
32114710297203504217
535245171512005840357
535245171512005840357
6185416248614583
481632641282
936144576230492164
8726485832524884723929
5154513540512153
4363242916262442361969
6185416248614583
283212851220484
2618541624863
74225215129072544326
212724322592155526
848288172810368622086
3272432187196831771479
6185416248614583
81632641282562
84020010005000250005
9634413087216091512637
5154513540512153
8726485832524884723929
212724322592155526
53018010806480388806
6544864374393663542949
91836721442882
21612810248192655368
21050250125062505
8563922744192081344567
5454053645328052952459
2618541624863
8726485832524884723929
7635675103459274133439
6483843072245761966088
71428561122242
6122448961922
4363242916262442361969
62496384153661444
324192153612288983048
8247221664819443
848288172810368622086
4363242916262442361969
6122448961922
535245171512005840357
5403202560204801638408
936144576230492164
283212851220484
5454053645328052952459
8726485832524884723929
728112448179271684
9725764608368642949128
481632641282
3124819276830724
7216318956717013
8726485832524884723929
8247221664819443
62496384153661444
6483843072245761966088
9634413087216091512637
7216318956717013
535245171512005840357
42819613729604672287
9278124372921873
9634413087216091512637
5154513540512153
5154513540512153
5102040801602
9278124372921873
7351758754375218755
7351758754375218755
36122448962
6544864374393663542949
21050250125062505
91836721442882
4241448645184311046
5454053645328052952459
481632641282
9278124372921873
42819613729604672287
728112448179271684
7635675103459274133439
7351758754375218755
6122448961922
5154513540512153
4322562048163841310728
6544864374393663542949
9725764608368642949128
7564483584286722293768
91836721442882
6185416248614583
7635675103459274133439
412361083249723
3124819276830724
53018010806480388806
324192153612288983048
5154513540512153
81632641282562
4363242916262442361969
5102040801602
6422942058144061008427
32114710297203504217
324192153612288983048
62496384153661444
481632641282
3124819276830724
84020010005000250005
412361083249723
31575375187593755
32114710297203504217
42819613729604672287
6122448961922
6422942058144061008427
81632641282562
84020010005000250005
9278124372921873
324192153612288983048
848288172810368622086
6544864374393663542949
936144576230492164
283212851220484
71428561122242
6483843072245761966088
4241448645184311046
9725764608368642949128
71428561122242
4241448645184311046
21050250125062505
214986864802336147
9725764608368642949128
84020010005000250005
62496384153661444
6122448961922
936144576230492164
21050250125062505
9634413087216091512637
21050250125062505
481632641282
535245171512005840357
52080320128051204
21612810248192655368
481632641282
6483843072245761966088
8247221664819443
6122448961922
7635675103459274133439
412361083249723
214986864802336147
481632641282
32114710297203504217
6185416248614583
52080320128051204
412361083249723
5403202560204801638408
8247221664819443
5454053645328052952459
212724322592155526
7635675103459274133439
8726485832524884723929
5403202560204801638408
481632641282
3124819276830724
6544864374393663542949
7351758754375218755
8726485832524884723929
6301507503750187505
8726485832524884723929
324192153612288983048
4363242916262442361969
6483843072245761966088
4201005002500125005
4363242916262442361969
936144576230492164
3181086483888233286
2618541624863
4201005002500125005
7351758754375218755
535245171512005840357
6301507503750187505
3124819276830724
74225215129072544326
8726485832524884723929
9725764608368642949128
71428561122242
8247221664819443
5102040801602
7635675103459274133439
8563922744192081344567
42819613729604672287
42819613729604672287
4322562048163841310728
36122448962
9725764608368642949128
3124819276830724
62496384153661444
74225215129072544326
954324194411664699846
7216318956717013
94522511255625281255
954324194411664699846
7351758754375218755
6301507503750187505
7564483584286722293768
9634413087216091512637
4201005002500125005
53018010806480388806
9634413087216091512637
283212851220484
8247221664819443
8247221664819443
2618541624863
283212851220484
74225215129072544326
8247221664819443
84020010005000250005
7564483584286722293768
412361083249723
4363242916262442361969
21612810248192655368
31575375187593755
91836721442882
8563922744192081344567
71428561122242
7564483584286722293768
6301507503750187505
481632641282
6185416248614583
412361083249723
5102040801602
936144576230492164
5454053645328052952459
848288172810368622086
7351758754375218755
3181086483888233286
84020010005000250005
5102040801602
4322562048163841310728
36122448962
32114710297203504217
53018010806480388806
21612810248192655368
4322562048163841310728
74225215129072544326
7635675103459274133439
412361083249723
6301507503750187505
81632641282562
6544864374393663542949
36122448962
91836721442882
535245171512005840357
94522511255625281255
3272432187196831771479
94522511255625281255
42819613729604672287
481632641282
6122448961922
4241448645184311046
214986864802336147
94522511255625281255
71428561122242
7351758754375218755
2618541624863
21050250125062505
4241448645184311046
5154513540512153
6301507503750187505
7635675103459274133439
214986864802336147
5454053645328052952459
7564483584286722293768
535245171512005840357
3181086483888233286
4363242916262442361969
5154513540512153
36122448962
728112448179271684
8247221664819443
71428561122242
6301507503750187505
3124819276830724
283212851220484
535245171512005840357
412361083249723
94522511255625281255
6301507503750187505
4322562048163841310728
81632641282562
6301507503750187505
535245171512005840357
31575375187593755
62496384153661444
9634413087216091512637
7351758754375218755
412361083249723
84020010005000250005
8563922744192081344567
84020010005000250005
9278124372921873
832128512204881924
6301507503750187505
535245171512005840357
74225215129072544326
4322562048163841310728
81632641282562
2618541624863
8563922744192081344567
71428561122242
8726485832524884723929
8726485832524884723929
5403202560204801638408
2618541624863
214986864802336147
31575375187593755
728112448179271684
36122448962
4201005002500125005
3272432187196831771479
5403202560204801638408
5154513540512153
2618541624863
412361083249723
6301507503750187505
21612810248192655368
6301507503750187505
3272432187196831771479
8247221664819443
8726485832524884723929
21050250125062505
6301507503750187505
5403202560204801638408
6122448961922
6544864374393663542949
94522511255625281255
2181621458131221180989
283212851220484
36122448962
7635675103459274133439
3272432187196831771479
52080320128051204
7216318956717013
7564483584286722293768
4322562048163841310728
2618541624863
954324194411664699846
5154513540512153
52080320128051204
36122448962
94522511255625281255
6122448961922
3181086483888233286
4322562048163841310728
412361083249723
21050250125062505
8247221664819443
7351758754375218755
6301507503750187505
8726485832524884723929