347463
22743
876600
659565
169398
761382
475902
90936
615546
77202
626535
751347
91485
894087
251919
532791
140139
673650
202914
78030
719703
166401
798885
124830
364356
731178
399222
500868
47547
317241
789246
292176
562617
709164
734607
846459
717759
323667
112860
635508
21024
416403
443970
687654
410112
422865
118827
3105
687294
753327
315342
605763
360513
454266
785466
341775
430830
547749
288333
223911
605745
217665
692235
633204
372528
738360
176733
758520
304362
553266
223785
465876
734535
712737
527625
680013
185382
842922
29817
454554
453771
88893
403866
295434
218421
657135
119412
548838
379260
893601
640512
146268
682758
277704
198000
819036
896463
790326
168408
663282
477747
897921
19368
297990
885987
293949
621315
22527
206973
27918
808578
424341
755811
146466
475956
300132
168615
313956
844551
214416
105219
603873
593181
890100
438714
689535
894627
867393
119079
322533
775170
757881
254142
550710
804510
606843
853686
435483
387729
730782
294093
402597
502695
761769
295695
53307
571761
30024
335997
667314
422703
178362
254583
709254
109665
419508
666864
116766
75141
36954
255969
530901
130788
213570
152622
195984
483579
361170
37026
606573
576720
201717
468036
138231
517212
570366
204831
871236
288981
359721
854622
515313
809613
47421
201015
224082
281808
573111
417267
278325
749718
824184
663750
541422
73557
574821
743274
831564
255951
548082
837783
353934
821565
795681
522783
846612
565002
462645
535599
517338
436509
304650
357075
514719
34083
752013
691173
777825
72198
528660
872064
159282
597780
9981
157257
737037
858591
10872
670617
821205
297360
184464
408546
292824
866457
377280
699435
846666
207621
385641
455580
431208
808011
407421
140616
844641
2007
407385
593127
898992
389979
450675
687717
584946
622350
367299
760509
338193
743733
1665
678015
877086
329391
79542
327213
702486
555840
451269
658044
600507
618804
50256
707319
593451
42435
633231
367317
444861
58248
409140
101052
372879
21321
366660
828594
664875
492525
859473
617148
59760
521523
104652
213588
169209
838665
323109
351027
89055
849060
205641
382572
691884
95121
539883
174618
442260
179631
24300
449262
285111
572895
814671
569898
305298
474120
357840
239337
490842
738954
72549
772452
415431
864990
174672
89613
601524
747891
147915
664398
457209
55251
369450
543051
837630
304191
457074
472869
257949
805329
714555
157833
117360
124794
426195
260406
245565
103716
707643
445977
800829
811845
634671
489870
313101
868068
389844
249498
402246
180360
574920
834795
819306
496692
752814
886248
824886
451773
62604
151497
466938
409338
376452
91854
412875
258957
767349
295155
404829
146538
651177
587349
809217
754515
269010
793593
114075
401274
231534
721692
66843
585990
701856
428049
404073
555462
786636
560142
179721
52389
168651
327006
743355
652761
731727
675558
181971
841086
678276
635598
771660
384525
364581
616176
821547
743706
869148
432063
503631
50454
487917
51354
197874
631413
54162
494514
130149
811746
344322
685467
431199
889317
370116
102420
648918
225558
100647
759321
858519
381474
53928
616923
195084
18288
834048
786960
744669
171621
267669
309456
581292
591327
351621
640197
450450
721368
9981
60309
602910
241218
438192
714474
839043
349002
394785
571023
143586
112923
830070
535455
745047
217026
176508
200034
820035
266220
793305
114057
634104
291150
137817
655200
147051
158535
91638
833580
251856
199845
689121
806580
435879
711513
225540
156177
137169
851940
93825
264069
535608
423909
334521