81173
77417
67993
90971
43037
45971
8807
81533
65699
85889
94687
26723
25357
16267
74717
57397
18049
41957
20231
32969
35201
11677
42283
99581
22441
31253
45433
54419
90863
29303
61543
10459
81077
85451
29573
30671
43399
37171
37781
65837
21871
32467
34819
91381
47609
43783
80309
81239
16421
99667
80177
37813
28163
19483
44839
68863
28729
97
51893
61543
13297
78797
27281
81671
29531
25999
29819
9973
69073
60913
44029
62191
42017
59723
15737
61363
89767
98207
79757
51241
77573
9433
60937
2213
42061
74761
31751
65827
32783
42061
9781
4027
26293
64187
85429
11113
88463
93871
69239
91813
1721
47857
51607
57427
12041
39551
74219
64063
94709
6299
97613
30781
28771
85331
16619
75431
1879
71719
74891
56393
72341
4093
1021
62627
27197
7669
71293
82223
42853
4217
47903
25579
5507
94529
54323
6599
47279
15643
28867
75307
7621
20323
12239
48353
33811
16903
28751
83243
89113
19483
90659
61141
92203
24841
33533
31321
66191
52973
79273
47119
11863
29153
71413
19471
92153
82013
48787
70121
82003
89449
60149
6379
69259
86587
93059
92993
77041
62467
78317
92363
13457
89849
30763
31271
47609
75869
85931
83269
2381
44843
2333
69001
87547
34883
36109
53407
24659
54679
26947
26693
15749
85229
31231
25759
53411
99719
21559
9067
16141
16843
6917
49279
15601
68219
86369
74869
69233
39451
31723
23369
44203
28537
57367
31069
57283
53309
16633
45569
70957
2269
49891
53267
18371
89203
8537
29231
41399
47237
14653
13397
1697
6899
45259
89273
8171
48679
63527
41519
89611
20129
40483
27823
33863
93187
17737
46747
90173
55021
47819
11777
54011
27179
56813
53923
15383
39619
99397
5399
13337
91009
3169
48157
9341
95539
91243
9221
33223
75659
8543
45659
93263
82207
50497
76631
43391
48649
49031
60289
94951
34499
173
17123
68881
54493
46703
21433
73259
82463
11831
43753
52981
96469
40351
44819
8599
18743
2939
72161
41213
84389
21017
31259
47737
75223
16547
1583
27073
92467
57991
99833
32117
95633
47441
96827
81937
67829
71453
33581
68311
23663
36583
95803
48991
5419
67033
39709
82421
77069
68447
1019
16619
35977
38671
89293
5737
97379
79823
63719
14407
82729
59617
5413
2017
27691
41927
74587
5507
21269
14447
70079
42719
51647
35933
58411
43853
85447
51473
50723
89303
6163
75853
82207
7673
8563
20369
2909
13669
23159
19687
31267
82487
53327
50767
97687
25969
33623
52883
82811
1657
11839
29599
36109
65129
77191
87797
76537
75883
25307
47629
401
44483
74531
21401
57923
38299
15551
77801
40739
50033
13457
3701
79847
96757
17483
35899
58439
51131
5347
337
27739
20707
47293
25037
50549
37693
21101
99079
38609
57529
79379
181
7121
29753
94781
8231
77521
72577
33641
15661
55631
62129
88523
65257
37189
64937
88177
11971
10889
48073
82913
79111
42451
57287
46261
15749
937
63929
54709
72959
17417
56393
9173
23971
10891
99563
53783
32933
46769
62639
1277
42433
11261
52321
93739
9631
28001
62171
51637
93263
12391
12791
6073
86939
90823
49033
29989
41513
53197
46817
49877
60961
97871
53479
31271
64621
72649
89137
69233
31883
38561